1.000000000000000021e-03 4.295525554073705280e+03
3.000000000000000062e-03 4.287408445067747380e+03
5.000000000000000104e-03 4.271619548420177125e+03
7.000000000000000146e-03 4.248867455548359430e+03
9.000000000000001055e-03 4.220155924572683944e+03
1.000000000000000021e-02 4.203915567045844000e+03
1.099999999999999936e-02 4.186614564525642891e+03
1.300000000000000114e-02 4.149393633891616446e+03
1.499999999999999944e-02 4.109583281127451301e+03
1.700000000000000122e-02 4.068151326316818086e+03
1.900000000000000300e-02 4.025920898077339643e+03
2.000000000000000042e-02 4.004721879870155135e+03
2.100000000000000130e-02 3.983562337900033981e+03
2.299999999999999961e-02 3.941599209192142553e+03
2.500000000000000139e-02 3.900428439460806658e+03
2.700000000000000316e-02 3.860337671337885695e+03
2.900000000000000147e-02 3.821527959262902186e+03
2.999999999999999889e-02 3.802646534658386372e+03
4.000000000000000083e-02 3.634582842390229416e+03
5.000000000000000278e-02 3.503180940833212844e+03
5.999999999999999778e-02 3.403750290652442800e+03
7.000000000000000666e-02 3.332301870352948299e+03
8.000000000000000167e-02 3.286777355121669643e+03
8.999999999999999667e-02 3.266168511456518900e+03
1.000000000000000056e-01 3.268870279240119544e+03
1.100000000000000006e-01 3.291550575133915117e+03
1.199999999999999956e-01 3.329618059804538007e+03
1.300000000000000044e-01 3.378599438318717148e+03
1.400000000000000133e-01 3.435036040353161297e+03
1.499999999999999944e-01 3.496595158190569236e+03
1.600000000000000033e-01 3.561816063026486063e+03
1.700000000000000122e-01 3.629820771227134173e+03
1.799999999999999933e-01 3.700097785662056140e+03
1.900000000000000022e-01 3.772361347862110961e+03
2.000000000000000111e-01 3.846461861930452415e+03
2.099999999999999922e-01 3.922346991910339057e+03
2.200000000000000011e-01 4.000002073475250654e+03
2.300000000000000100e-01 4.079458645097613953e+03
2.399999999999999911e-01 4.160767621664957915e+03
2.500000000000000000e-01 4.243995901838482496e+03
2.600000000000000089e-01 4.329223244104368860e+03
2.700000000000000178e-01 4.416521752368879788e+03
2.800000000000000266e-01 4.505997287820689962e+03
2.899999999999999800e-01 4.597736897767278606e+03
2.999999999999999889e-01 4.691837166071132742e+03
3.099999999999999978e-01 4.788391470908893098e+03
3.200000000000000067e-01 4.887444609767275324e+03
3.275000000000000133e-01 4.958929183463114896e+03
3.275100000000000233e-01 4.958870295870108748e+03
3.275200000000000333e-01 4.958799518552833433e+03
3.275300000000000433e-01 4.958715249631540246e+03
3.275400000000000533e-01 4.958619368231366934e+03
3.275500000000000633e-01 4.958506944047383513e+03
3.275600000000000733e-01 4.958377424102452096e+03
3.275700000000000833e-01 4.958228390871921874e+03
3.275800000000000933e-01 4.958057582310730140e+03
3.275900000000001033e-01 4.957861868059280823e+03
3.276000000000001133e-01 4.957637647852846385e+03
3.276100000000001233e-01 4.957381029948071955e+03
3.276200000000001333e-01 4.957086536499235990e+03
3.276300000000001433e-01 4.956748242088430743e+03
3.276400000000001533e-01 4.956358510558375201e+03
3.276500000000001633e-01 4.955907833685856531e+03
3.276600000000001733e-01 4.955384417040792869e+03
3.276700000000001833e-01 4.954773337400005403e+03
3.276800000000001933e-01 4.954055404359864951e+03
3.276900000000002033e-01 4.953205699476258815e+03
3.277000000000002133e-01 4.952191637427526985e+03
3.277100000000002233e-01 4.950969979193518157e+03
3.277200000000002333e-01 4.949484315741612591e+03
3.277300000000002433e-01 4.947663325260708916e+03
3.277400000000002533e-01 4.945430415056769561e+03
3.277500000000002633e-01 4.942766591550840531e+03
3.277600000000002733e-01 4.940047937630871274e+03
3.277700000000002833e-01 4.939289920723260366e+03
3.277800000000002933e-01 4.939344283121332410e+03
3.277900000000003033e-01 4.939398604046840774e+03
3.278000000000003133e-01 4.939452884493979582e+03
3.278100000000003234e-01 4.975251867144130301e+03
3.278200000000003334e-01 5.047605068981203658e+03
3.278300000000003434e-01 5.022004078347122231e+03
3.278400000000003534e-01 5.007948009677726077e+03
3.278500000000003634e-01 4.999588741218194627e+03
3.278600000000003734e-01 4.994092935498636507e+03
3.278700000000003834e-01 4.990229685253731077e+03
3.278800000000003934e-01 4.987381160204236039e+03
3.278900000000004034e-01 4.985204985370247414e+03
3.279000000000004134e-01 4.983496190143384410e+03
3.279100000000004234e-01 4.982125548128306036e+03
3.279200000000004334e-01 4.981006624516298871e+03
3.279300000000004434e-01 4.980080148653823017e+03
3.279400000000004534e-01 4.979305194010196828e+03
3.279500000000004634e-01 4.978649652517513459e+03
3.279600000000004734e-01 4.978091274004883417e+03
3.279700000000004834e-01 4.977612318147464975e+03
3.279800000000004934e-01 4.977197400532109896e+03
3.279900000000005034e-01 4.976841922002477077e+03
3.280000000000005134e-01 4.976532073552161819e+03
3.280100000000005234e-01 4.976261940328999117e+03
3.280200000000005334e-01 4.976026338936435423e+03
3.280300000000005434e-01 4.975820814365099977e+03
3.280400000000005534e-01 4.975641437585809399e+03
3.280500000000005634e-01 4.975485079836065779e+03
3.280600000000005734e-01 4.975348938876773900e+03
3.280700000000005834e-01 4.975230667873845050e+03
3.280800000000005934e-01 4.975128885068317686e+03
3.280900000000006034e-01 4.975040765577526145e+03
3.300000000000000155e-01 4.990156307043999732e+03
3.400000000000000244e-01 5.094242974213607340e+03
3.500000000000000333e-01 5.201741384480469605e+03
3.599999999999999867e-01 5.312302073511762501e+03
3.699999999999999956e-01 5.426018472511767868e+03
3.800000000000000044e-01 5.543003084270135332e+03
3.900000000000000133e-01 5.663366264320146911e+03
4.000000000000000222e-01 5.787206353750390917e+03
4.100000000000000311e-01 5.914577067364048162e+03
4.199999999999999845e-01 6.045354797058611439e+03
4.299999999999999933e-01 6.178081779504755104e+03
4.359999999999999987e-01 6.281325568086282146e+03
4.360499999999999932e-01 6.293679349834103050e+03
4.360999999999999877e-01 6.311722271153112160e+03
4.361499999999999821e-01 6.338715057674045056e+03
4.361999999999999766e-01 6.380220103163138447e+03
4.362499999999999711e-01 6.446648952078874572e+03
4.362999999999999656e-01 6.561169666110712569e+03
4.363499999999999601e-01 6.798825569448486931e+03
4.363999999999999546e-01 3.252490632305778936e+07
4.364499999999999491e-01 3.450705295555782318e+07
4.364999999999999436e-01 3.671808678626615554e+07
4.365499999999999381e-01 3.920523575882838666e+07
4.365999999999999326e-01 4.202232119544440508e+07
4.366499999999999271e-01 4.524048206031637639e+07
4.366999999999999216e-01 4.894900722339549661e+07
4.367499999999999161e-01 5.327998776657076180e+07
4.367999999999999106e-01 5.839568898174281418e+07
4.368499999999999051e-01 6.452458960539492965e+07
4.368999999999998995e-01 7.202280997093360126e+07
4.369499999999998940e-01 8.139250399001455307e+07
4.369999999999998885e-01 9.341320609357589483e+07
4.370499999999998830e-01 1.094353125076202452e+08
4.370999999999998775e-01 1.318570093063554466e+08
4.371499999999998720e-01 1.652931744523620307e+08
4.371999999999998665e-01 2.205677787616344988e+08
4.372499999999998610e-01 3.288061790616908669e+08
4.372999999999998555e-01 6.335322446920586824e+08
4.373499999999998500e-01 2.243200412154544830e+09
4.373999999999998445e-01 6.675162864136400458e+03
4.374499999999998390e-01 6.547445920436472989e+03
4.374999999999998335e-01 6.485811793775715159e+03
4.400000000000000022e-01 6.337192444796191921e+03
4.500000000000000111e-01 6.469329049437428694e+03
4.600000000000000200e-01 6.616129471508303141e+03
4.700000000000000289e-01 6.768199936442958460e+03
4.799999999999999822e-01 6.925064683966018492e+03
4.899999999999999911e-01 7.086668253252206341e+03
5.000000000000000000e-01 7.253012835204441217e+03
5.100000000000000089e-01 7.424088045512506142e+03
5.200000000000000178e-01 7.599835763040893653e+03
5.300000000000000266e-01 7.780121286482391952e+03
5.400000000000000355e-01 7.964697039722460431e+03
5.500000000000000444e-01 8.153151524097540459e+03
5.600000000000000533e-01 8.344837342857532349e+03
5.700000000000000622e-01 8.538760676862711989e+03
5.799999999999999600e-01 8.733417344417042841e+03
5.899999999999999689e-01 8.926541715488539921e+03
5.999999999999999778e-01 9.114738427456324644e+03
6.099999999999999867e-01 9.293050310831198658e+03
6.199999999999999956e-01 9.455236713496149605e+03
6.300000000000000044e-01 9.604098513096643728e+03
6.400000000000000133e-01 1.132773499349538906e+04
6.400000000000000133e-01 1.132773499349538906e+04
6.420000000000000151e-01 5.755997977445186116e+05
6.440000000000000169e-01 1.473129460091080982e+06
6.460000000000000187e-01 2.717235519389347639e+06
6.480000000000000204e-01 4.575230968164650723e+06
6.500000000000000222e-01 7.649790661064865999e+06
6.500000000000000222e-01 7.649790661064865999e+06
6.520000000000000240e-01 1.369617442024898157e+07
6.540000000000000258e-01 3.097271396083117649e+07
6.560000000000000275e-01 5.120827797832301259e+08
6.580000000000000293e-01 3.925856516892845929e+07
6.600000000000000311e-01 1.640907380747483671e+07
6.600000000000000311e-01 1.640907380747483671e+07
6.620000000000000329e-01 9.108532900317989290e+06
6.640000000000000346e-01 5.488253439891921356e+06
6.660000000000000364e-01 3.373845905462236609e+06
6.680000000000000382e-01 1.973061870444745524e+06
6.700000000000000400e-01 9.591761172874553595e+05
6.700000000000000400e-01 9.591761172874553595e+05
6.720000000000000417e-01 2.198527014172525960e+05
6.740000000000000435e-01 4.560336035937511770e+04
6.760000000000000453e-01 2.942651822005775830e+04
6.780000000000000471e-01 2.396142848304136351e+04
6.800000000000000488e-01 2.121582649445316201e+04
6.800000000000000488e-01 2.121582649445316201e+04
6.900000000000000577e-01 1.678503232118772212e+04
7.000000000000000666e-01 1.580117279453162337e+04
7.099999999999999645e-01 1.558334012565112062e+04
7.199999999999999734e-01 1.566890847899062283e+04
7.299999999999999822e-01 1.591365390019866027e+04
7.399999999999999911e-01 1.625917348181305897e+04
7.500000000000000000e-01 1.667814849802186291e+04
7.600000000000000089e-01 1.715678219719610570e+04
7.700000000000000178e-01 1.768798392782135124e+04
7.800000000000000266e-01 1.826835707462060964e+04
7.900000000000000355e-01 1.889673275988832029e+04
8.000000000000000444e-01 1.957341335801932655e+04
8.100000000000000533e-01 2.029975974695657351e+04
8.200000000000000622e-01 2.107796772684308598e+04
8.300000000000000711e-01 2.191094539304522186e+04
8.399999999999999689e-01 2.280226425532689609e+04
8.499999999999999778e-01 2.375616095791932457e+04
8.599999999999999867e-01 2.477762956413207939e+04
8.699999999999999956e-01 2.587330722043481364e+04
8.800000000000000044e-01 2.703975076023753354e+04
8.900000000000000133e-01 2.830217603035248612e+04
9.000000000000000222e-01 2.965664961176941870e+04
9.100000000000000311e-01 3.111444079393608627e+04
9.200000000000000400e-01 3.268611677995999344e+04
9.300000000000000488e-01 3.438323238227037655e+04
9.400000000000000577e-01 3.622006429076572385e+04
9.500000000000000666e-01 3.821105343944152992e+04
9.599999999999999645e-01 4.037399032662485843e+04
9.699999999999999734e-01 4.272896842974986066e+04
9.799999999999999822e-01 4.529913648827961879e+04
9.899999999999999911e-01 4.811126846998093242e+04
1.000000000000000000e+00 5.119646918222231034e+04
1.010000000000000009e+00 5.459102167809715320e+04
1.020000000000000018e+00 5.833747075166985451e+04
1.030000000000000027e+00 6.248594532304455061e+04
1.040000000000000036e+00 6.709584386286254448e+04
1.050000000000000044e+00 7.223796342859289143e+04
1.060000000000000053e+00 7.799716088843822945e+04
1.070000000000000062e+00 8.447617451248638099e+04
1.080000000000000071e+00 9.179957766915993125e+04
1.090000000000000080e+00 1.001204270447806193e+05
1.100000000000000089e+00 1.096279490081769472e+05
1.110000000000000098e+00 1.205583953054315643e+05
1.120000000000000107e+00 1.332097640879750543e+05
1.130000000000000115e+00 1.479621860183329554e+05
1.140000000000000124e+00 1.653065680307173461e+05
1.150000000000000133e+00 1.858856127652578289e+05
1.159999999999999920e+00 2.105536318961015495e+05
1.169999999999999929e+00 2.404656580249691324e+05
1.179999999999999938e+00 2.772134718841017457e+05
1.189999999999999947e+00 3.230387915203261655e+05
1.199999999999999956e+00 3.811778940385769238e+05
1.209999999999999964e+00 4.564383246035908815e+05
1.219999999999999973e+00 5.562040296571276849e+05
1.229999999999999982e+00 6.922717312475917861e+05
1.239999999999999991e+00 8.843999576256428845e+05
1.250000000000000000e+00 1.167650548922692426e+06
1.260000000000000009e+00 1.608906747490638401e+06
1.270000000000000018e+00 2.348295278377496637e+06
1.280000000000000027e+00 3.719554554563161451e+06
1.290000000000000036e+00 6.686782527822157368e+06
1.290000000000000036e+00 6.686782527822157368e+06
1.292000000000000037e+00 7.689388890017664060e+06
1.294000000000000039e+00 8.932536945651046932e+06
1.296000000000000041e+00 1.050187103548894450e+07
1.298000000000000043e+00 1.252710407267175615e+07
1.300000000000000044e+00 1.521431671908121556e+07
1.300000000000000044e+00 1.521431671908121556e+07
1.302000000000000046e+00 1.891160652152654529e+07
1.304000000000000048e+00 2.425662712891219184e+07
1.306000000000000050e+00 3.255682477369160578e+07
1.308000000000000052e+00 4.698335704970390350e+07
1.310000000000000053e+00 7.774543148348172009e+07
1.310000000000000053e+00 7.774543148348172009e+07
1.312000000000000055e+00 1.864006374234280586e+08
1.314000000000000057e+00 8.216265688683524132e+08
1.316000000000000059e+00 1.234467434880662262e+08
1.318000000000000060e+00 6.344556930631129444e+07
1.320000000000000062e+00 4.114860550814026594e+07
1.320000000000000062e+00 4.114860550814026594e+07
1.322000000000000064e+00 2.958768395799947158e+07
1.324000000000000066e+00 2.256663374126071110e+07
1.326000000000000068e+00 1.788699757297416404e+07
1.328000000000000069e+00 1.457086605808019824e+07
1.330000000000000071e+00 1.211677688575676829e+07
1.330000000000000071e+00 1.211677688575676829e+07
1.332000000000000073e+00 1.024094693393581919e+07
1.334000000000000075e+00 8.770704802502665669e+06
1.336000000000000076e+00 7.594983245568201877e+06
1.338000000000000078e+00 6.639145433356527239e+06
1.340000000000000080e+00 5.851229963768731803e+06
1.340000000000000080e+00 5.851229963768731803e+06
1.350000000000000089e+00 3.416532484232285991e+06
1.360000000000000098e+00 2.226870175553925335e+06
1.370000000000000107e+00 1.562153277940108441e+06
1.380000000000000115e+00 1.155217896035850281e+06
1.390000000000000124e+00 8.888386314693560125e+05
1.400000000000000133e+00 7.052868026615452254e+05
1.409999999999999920e+00 5.735744520616166992e+05
1.419999999999999929e+00 4.759078481024522916e+05
1.429999999999999938e+00 4.014990112848642748e+05
1.439999999999999947e+00 3.435076955177086638e+05
1.449999999999999956e+00 2.974311897097243345e+05
1.459999999999999964e+00 2.602087807253934443e+05
1.469999999999999973e+00 2.297025131637392042e+05
1.479999999999999982e+00 2.043826667588691344e+05
1.489999999999999991e+00 1.831315914166402363e+05
1.500000000000000000e+00 1.651174402404542197e+05
1.510000000000000009e+00 1.497107949747876846e+05
1.520000000000000018e+00 1.364283276983228570e+05
1.530000000000000027e+00 1.248939252919521823e+05
1.540000000000000036e+00 1.148113303523979557e+05
1.550000000000000044e+00 1.059446564954631467e+05
1.560000000000000053e+00 9.810417613392072963e+04
1.570000000000000062e+00 9.113588499540444172e+04
1.580000000000000071e+00 8.491371618659008527e+04
1.590000000000000080e+00 7.933366508153255563e+04
1.600000000000000089e+00 7.430932032113158493e+04
1.610000000000000098e+00 6.976836866954975994e+04
1.620000000000000107e+00 6.564995513131484040e+04
1.630000000000000115e+00 6.190254901320578938e+04
1.640000000000000124e+00 5.848227968491062347e+04
1.650000000000000133e+00 5.535161829980576294e+04
1.660000000000000142e+00 5.247828008090663207e+04
1.669999999999999929e+00 4.983439134328425280e+04
1.679999999999999938e+00 4.739577184280358051e+04
1.689999999999999947e+00 4.514137206692977634e+04
1.699999999999999956e+00 4.305277743304989417e+04
1.709999999999999964e+00 4.111384524779597268e+04
1.719999999999999973e+00 3.931035408699013351e+04
1.729999999999999982e+00 3.762975372578353563e+04
1.739999999999999991e+00 3.606075642788936966e+04
1.750000000000000000e+00 3.459396318874588906e+04
1.760000000000000009e+00 3.322008381315149018e+04
1.770000000000000018e+00 3.193141508064867958e+04
1.780000000000000027e+00 3.072090791510183044e+04
1.790000000000000036e+00 2.958223341049500232e+04
1.800000000000000044e+00 2.850970663408422479e+04
1.810000000000000053e+00 2.749818310194987498e+04
1.820000000000000062e+00 2.654302291891167260e+04
1.830000000000000071e+00 2.564002178100365199e+04
1.840000000000000080e+00 2.478536353577227783e+04
1.850000000000000089e+00 2.397557753917936861e+04
1.860000000000000098e+00 2.320750191237860417e+04
1.870000000000000107e+00 2.247825204270227914e+04
1.880000000000000115e+00 2.178518314444301723e+04
1.890000000000000124e+00 2.112590025244775097e+04
1.900000000000000133e+00 2.049817348176087762e+04
1.910000000000000142e+00 1.989996750810229059e+04
1.919999999999999929e+00 1.932941490948841965e+04
1.929999999999999938e+00 1.878479105266143597e+04
1.939999999999999947e+00 1.826450012580024122e+04
1.949999999999999956e+00 1.776706539220484410e+04
1.959999999999999964e+00 1.729109002616769430e+04
1.969999999999999973e+00 1.683486355333790198e+04
1.979999999999999982e+00 1.639960984087040197e+04
1.989999999999999991e+00 1.598080939958869931e+04
2.000000000000000000e+00 1.557922462948002794e+04
2.000000000000000000e+00 1.557922462948002794e+04
2.049999999999999822e+00 1.379603385048573546e+04
2.099999999999999645e+00 1.232147974479365257e+04
2.149999999999999467e+00 1.108647739646677292e+04
2.199999999999999289e+00 1.004046772874491216e+04
2.249999999999999112e+00 9.145716745600557260e+03
2.299999999999998934e+00 8.373587815129878436e+03
2.349999999999998757e+00 7.701985909165627163e+03
2.399999999999998579e+00 7.113657365701195886e+03
2.449999999999998401e+00 6.594948891774348340e+03
2.499999999999998224e+00 6.134939304314113542e+03
2.549999999999998046e+00 5.724807268667471362e+03
2.599999999999997868e+00 5.357429473439345202e+03
2.600000000000000089e+00 5.357429473439345202e+03
2.604999999999999982e+00 5.322831772073204775e+03
2.609999999999999876e+00 5.288620450669753154e+03
2.614999999999999769e+00 5.254814969356967595e+03
2.619999999999999662e+00 5.221475370847768318e+03
2.624999999999999556e+00 5.188822839634430238e+03
2.629999999999999449e+00 5.158123773717842596e+03
2.634999999999999343e+00 5.184759143380652858e+03
2.639999999999999236e+00 1.729531859244554289e+04
2.644999999999999130e+00 8.138879733981855679e+03
2.649999999999997691e+00 6.746436805102483049e+03
2.649999999999999023e+00 6.746436805102483049e+03
2.654999999999998916e+00 6.175623045800437467e+03
2.659999999999998810e+00 5.856138154294721062e+03
2.664999999999998703e+00 5.646100426292542579e+03
2.669999999999998597e+00 5.493538076869271208e+03
2.674999999999998490e+00 5.374936322445953920e+03
2.679999999999998384e+00 5.278113028035795651e+03
2.684999999999998277e+00 5.196123633966099078e+03
2.689999999999998170e+00 5.124724285223202060e+03
2.694999999999998064e+00 5.061169788788515689e+03
2.699999999999997513e+00 5.003610713684296570e+03
2.699999999999997957e+00 5.003610713684296570e+03
2.749999999999997335e+00 4.587531786013480996e+03
2.799999999999997158e+00 4.287533015574563251e+03
2.849999999999996980e+00 4.035314245518148709e+03
2.899999999999996803e+00 3.813067936029396151e+03
2.949999999999996625e+00 3.613209802156030491e+03
2.999999999999996447e+00 3.431489405006407196e+03
3.049999999999996270e+00 3.265093040359764018e+03
3.099999999999996092e+00 3.111958233885044137e+03
3.149999999999995914e+00 2.970474564687045131e+03
3.199999999999995737e+00 2.839332562517060978e+03
3.249999999999995559e+00 2.717438606268462536e+03
3.299999999999995381e+00 2.603865737701383296e+03
3.349999999999995204e+00 2.497811433373844466e+03
3.399999999999995026e+00 2.398579807589392658e+03
3.449999999999994849e+00 2.305560333887396155e+03
3.499999999999994671e+00 2.218213961133055818e+03
3.549999999999994493e+00 2.136063802345001932e+03
3.599999999999994316e+00 2.058683116229082316e+03
3.649999999999994138e+00 1.985690767937432611e+03
3.699999999999993960e+00 1.916747243849215238e+03
3.749999999999993783e+00 1.851689597713939975e+03
3.799999999999993605e+00 1.790066573724996488e+03
3.849999999999993427e+00 1.731627481857494331e+03
3.899999999999993250e+00 1.676144325270514628e+03
3.949999999999993072e+00 1.623384148361873940e+03
